22334411223344112344
00000000000000000000000000
00000000000000000000000000
00000000000000001133110000
00000000000000001133110000
00000000000000330033000000
00000000000011330033000000
00000000000033000000003300
00000000002233000000003300
00000000003300330000333300
00000000113300330000333300
00000000330000330033003300
00000022330000330033003300
00000033330000003300003300
00001133330000003300003300
00003333333300000000330000
00223333333300000000330000
00333333330033000033000000
00333333330033000033000000
11333333000033000000000022
11333333000033000000000022
33333333003300000000002222
33333333003300000000002222
33333300330000000000222211
33333300330222200000222211
33330000330200200022221111
33330000330200200022221111
