33444433224411334424
00000000000000000000000000
00002200000000002200000000
00222244444400002222002200
00222244444400002222002200
00444444444411002200002200
00444444444411002200002200
00444444442200002201444444
00444444442200002201444444
00000002202222444444444444
00000002202222444444444444
11110002202244444444100000
00000002202244444444100000
22224444444444444422222222
22224444444444444422222222
00000001444444442222000000
00000001444444442222000000
00220022224444440022222200
00220022224444440022222200
00220022000000004422444444
00220022000000004422444444
00220000001100114444444444
00222200000000004444444444
00000022000000004444444422
00000022000222204444444422
00220022000200200000012222
00220022000200200000012222
